0
40
0
40
0
40
0
40
0
41
1
40
1
39
1
38
1
39
1
40
1
39
1
39
1
39
1
39
0
40
1
38
1
40
0
40
0
40
1
39
1
39
1
40
1
39
1
35
0
40
0
40
1
40
0
39
1
39
0
40
1
42
0
40
2
40
1
38
1
40
1
37
1
40
1
39
1
40
2
38
1
39
1
39
1
38
2
37
1
41
2
37
1
41
1
37
1
39
2
38
1
39
0
39
2
39
2
37
2
39
2
37
1
40
1
38
1
41
1
41
1
36
1
39
1
40
1
37
1
41
1
37
1
41
1
38
1
35
1
40
0
39
1
40
0
40
0
39
1
40
0
41
0
40
1
39
1
39
1
38
1
40
0
40
0
40
1
38
1
40
0
40
1
39
0
39
1
40
0
40
1
39
1
39
0
40
1
39
0
40
1
39
0
40
1
39
0
40
1
39
1
39
1
39
1
39
1
39
0
40
1
39
1
40
0
39
0
40
1
39
1
39
0
40
0
41
1
38
0
40
1
40
0
39
1
39
1
39
0
40
1
39
1
39
0
40
1
39
1
39
1
38
1
39
0
40
0
41
0
39
1
40
0
40
0
40
0
40
1
38
1
40
0
43
1
38
1
39
2
38
1
39
1
35
0
41
0
40
0
40
0
39
1
40
0
39
0
41
0
40
0
40
0
40
1
40
0
41
0
39
0
40
0
40
0
40
0
40
0
40
0
40
1
39
0
40
1
39
0
40
0
40
0
40
1
39
0
40
1
39
0
41
1
38
0
40
0
40
1
39
1
38
1
40
1
38
1
40
0
39
1
40
1
38
1
40
0
40
1
39
1
39
0
40
1
38
1
40
1
38
1
40
0
40
0
40
1
39
0
40
1
39
0
40
1
38
1
40
1
38
1
40
0
40
1
39
1
39
1
39
1
38
1
40
1
39
1
39
1
38
1
40
0
39
1
40
1
39
1
39
0
40
0
40
1
40
1
38
1
39
0
40
0
40
1
39
0
40
0
40
1
39
1
39
1
39
1
39
1
39
0
40
0
39
1
40
0
40
1
39
1
39
0
40
0
40
0
40
0
40
0
40
1

